23120127
23120228
23120311
23120421
23120518
23120630
23120714
23120821
23120911
23121026
23121118
23121218
23121321
23121416
23121515
23121630
23121712
23121818
23121925
23122025
23122130
23122223
23122330
23122419
23122526
23122620
23122725
23122819
23122913
23123029
23123113
24010115
24010216
24010316
24010413
24010525
24010630
24010712
24010828
24010930
24011015
24011116
24011229
24011325
24011420
24011521
24011617
24011720
24011827
24011923
24012010
24012110
24012214
24012317
24012418
24012527
24012630
24012730
24012816
24012926
24013028
24013112
24020125
24020217
24020311
24020425
24020522
24020624
24020723
24020828
24020929
24021026
24021113
24021230
24021324
24021423
24021516
24021622
24021728
24021811
24021930
24022020
24022117
24022218
24022318
24022413
24022515
24022613
24022716
24022824
24022925
24030130
24030215
24030321
24030430
24030518
24030626
24030718
24030829
24030911
24031025
24031115
24031226
24031310
24031422
24031518
24031618
24031728
24031827
24031911
24032013
24032123
24032217
24032310
24032416
24032524
24032611
24032720
24032816
24032911
24033030
24033115
24040114
24040221
24040319
24040425
24040524
24040625
24040729
24040823
24040913
24041021
24041116
24041228
24041325
24041424
24041519
24041617
24041719
24041813
24041928
24042017
24042125
24042214
24042319
24042416
24042530
24042611
24042715
24042822
24042921
24043021
24050122
24050226
24050314
24050418
24050524
24050629
24050727
24050830
24050910
24051010
24051113
24051230
24051322
24051417
24051513
24051628
24051717
24051826
24051911
24052016
24052114
24052230
24052323
24052420
24052517
24052614
24052717
24052828
24052922
24053018
24053129
24060130
24060214
24060318
24060421
24060516
24060617
24060721
24060818
24060920
24061013
24061124
24061214
24061320
24061422
24061527
24061619
24061720
24061822
24061913
24062019
24062130
24062222
24062322
24062419
24062514
24062620
24062729
24062818
24062926
24063014
24070113
24070224
24070314
24070411
24070516
24070617
24070725
24070812
24070912
24071022
24071111
24071225
24071324
24071410
24071514
24071617
24071721
24071812
24071918
24072029
24072116
24072211
24072326
24072428
24072521
24072617
24072728
24072824
24072925
24073027
24073120
24080124
24080226
24080323
24080427
24080526
24080618
24080722
24080827
24080912
24081027
24081125
24081214
24081322
24081417
24081527
24081614
24081721
24081814
24081919
24082015
24082123
24082213
24082320
24082414
24082525
24082622
24082730
24082816
24082913
24083028
24083113
24090130
24090226
24090328
24090426
24090529
24090618
24090719
24090819
24090922
24091016
24091121
24091219
24091323
24091416
24091523
24091611
24091717
24091821
24091915
24092023
24092128
24092221
24092326
24092410
24092528
24092623
24092714
24092816
24092914
24093027
24100128
24100221
24100321
24100423
24100527
24100626
24100715
24100816
24100929
24101027
24101121
24101214
24101327
24101430
24101513
24101620
24101721
24101830
24101924
24102026
24102110
24102224
24102324
24102416
24102518
24102628
24102711
24102828
24102912
24103019
24103114
24110123
24110226
24110328
24110415
24110528
24110628
24110728
24110828
24110910
24111011
24111121
24111219
24111328
24111424
24111512
24111624
24111712
24111812
24111923
24112027
24112114
24112221
24112313
24112415
24112529
24112621
24112722
24112827
24112915
24113014
24120127
24120222
24120316
24120427
24120521
24120613
24120714
24120818
24120927
24121022
24121128
24121225
24121330
24121421
24121513
24121618
24121716
24121819
24121919
24122021
24122120
24122210
24122314
24122421
24122524
24122623
24122729
24122812
24122927
24123011
24123118
25010126
25010225
25010327
25010412
25010515
25010617
25010720
25010826
25010927
25011026
25011117
25011213
25011325
25011428
25011511
25011621
25011724
25011817
25011923
25012023
25012124
25012215
25012329
25012429
25012513
25012619
25012718
25012811
25012914
25013030
25013120
25020121
25020223
25020327
25020412
25020510
25020621
25020712
25020821
25020922
25021025
25021111
25021222
25021326
25021418
25021512
25021617
25021716
25021828
25021922
25022020
25022120
25022221
25022321
25022427
25022529
25022626
25022715
25022823
25030126
25030225
25030327
25030429
25030519
25030626
25030715
25030818
25030925
25031013
25031111
25031226
25031330
25031414
25031521
25031619
25031713
25031818
25031918
25032016
25032118
25032214
25032317
25032414
25032512
25032611
25032720
25032829
25032928
25033026
25033115
25040126
25040221
25040314
25040418
25040521
25040613
25040729
25040814
25040919
25041029
25041120
25041216
25041316
25041427
25041530
25041623
25041715
25041822
25041913
25042016
25042129
25042218
25042318
25042416
25042518
25042620
25042718
25042826
25042910
25043011
25050122
25050212
25050321
25050419
25050528
25050629
25050723
25050811
25050929
25051019
25051110
25051224
25051317
25051430
25051528
25051624
25051725
25051825
25051920
25052014
25052120
25052210
25052313
25052426
25052514
25052630
25052726
25052825
25052925
25053012
25053113
25060119
25060213
25060321
25060419
25060520
25060622
25060726
25060811
25060917
25061022
25061122
25061218
25061322
25061415
25061512
25061621
25061729
25061829
25061917
25062028
25062122
25062214
25062310
25062430
25062524
25062630
25062712
25062821
25062910
25063020
25070110
25070225
25070327
25070421
25070526
25070630
25070711
25070822
25070920
25071027
25071119
25071229
25071319
25071412
25071514
25071611
25071724
25071823
25071924
25072020
25072125
25072215
25072323
25072419
25072511
25072611
25072711
25072826
25072927
25073011
25073120
25080119
25080226
25080329
25080417
25080530
25080617
25080725
25080825
25080917
25081021
25081118
25081214
25081322
25081411
25081526
25081623
25081724
25081817
25081922
25082021
25082119
25082216
25082313
25082423
25082525
25082623
25082724
25082820
25082910
25083018
25083118
25090129
25090225
25090326
25090422
25090511
25090622
25090712
25090830
25090925
25091020
25091125
25091219
25091325
25091419
25091520
25091614
25091725
25091816
25091913
25092020
25092121
25092211
25092324
25092424
25092520
25092625
25092725
25092819
25092925
25093020
25100113
25100229
25100330
25100410
25100524
25100628
25100728
25100819
25100922
25101022
25101110
25101213
25101320
25101410
25101522
25101628
25101712
25101816
25101920
25102027
25102127
25102224
25102323
25102413
25102518
25102619
25102720
25102821
25102927
25103011
25103127
25110125
25110216
25110318
25110413
25110515
25110625
25110718
25110820
25110923
25111014
25111118
25111212
25111325
25111421
25111524
25111626
25111719
25111813
25111917
25112013
25112116
25112221
25112311
25112418
25112523
25112613
25112711
25112828
25112925
25113016
25120130
25120210
25120311
25120416
25120517
25120624
25120719
25120826
25120927
25121029
25121118
25121227
25121322
25121421
25121527
25121622
25121718
25121814
25121929
25122015
25122116
25122224
25122310
25122410
25122526
25122613
25122724
25122819
25122924
25123015
25123127
26010116
26010226
26010312
26010425
26010512
26010623
26010715
26010827
26010928
26011021
26011125
26011222
26011312
26011412
26011527
26011621
26011715
26011825
26011910
26012012
26012130
26012216
26012315
26012417
26012521
26012612
26012712
26012811
26012920
26013010
26013110
26020128
26020219
26020323
26020415
26020525
26020617
26020718
26020823
26020927
26021014
26021121
26021229
26021324
26021416
26021511
26021628
26021715
26021822
26021922
26022016
26022127
26022212
26022311
26022413
26022512
26022619
26022718
26022812
26030116
26030212
26030313
26030413
26030526
26030620
26030714
26030813
26030915
26031011
26031128
26031223
26031326
26031426
26031530
26031611
26031710
26031829
26031926
26032028
26032114
26032216
26032325
26032427
26032510
26032613
26032728
26032814
26032922
26033024
26033130
26040124
26040230
26040319
26040417
26040516
26040626
26040730
26040817
26040930
26041019
26041129
26041228
26041325
26041414
26041527
26041617
26041726
26041826
26041921
26042024
26042116
26042217
26042327
26042430
26042516
26042621
26042710
26042818
26042929
26043014
26050128
26050230
26050324
26050418
26050530
26050627
26050728
26050825
26050920
26051026
26051113
26051228
26051318
26051415
26051525
26051621
26051721
26051829
26051919
26052029
26052122
26052214
26052326
26052427
26052525
26052629
26052725
26052826
26052920
26053028
26053116
26060125
26060213
26060317
26060428
26060518
26060613
26060711
26060827
26060922
26061025
26061113
26061219
26061318
26061420
26061525
26061626
26061716
26061819
26061918
26062030
26062118
26062211
26062310
26062426
26062530
26062618
26062726
26062825
26062929
26063030
26070123
26070215
26070322
26070426
26070523
26070619
26070724
26070811
26070922
26071017
26071121
26071211
26071322
26071424
26071510
26071621
26071721
26071821
26071913
26072019
26072126
26072230
26072322
26072415
26072513
26072613
26072728
26072820
26072911
26073013
26073123
26080120
26080229
26080329
26080416
26080510
26080628
26080714
26080812
26080927
26081010
26081111
26081229
26081310
26081420
26081523
26081610
26081714
26081819
26081916
26082020
26082110
26082220
26082311
26082410
26082519
26082617
26082716
26082812
26082930
26083016
26083129
26090125
26090212
26090319
26090423
26090511
26090614
26090730
26090828
26090922
26091012
26091122
26091228
26091317
26091414
26091522
26091627
26091711
26091817
26091925
26092025
26092111
26092223
26092330
26092428
26092528
26092613
26092726
26092817
26092920
26093025
26100129
26100223
26100325
26100427
26100514
26100619
26100724
26100815
26100929
26101028
26101122
26101227
26101315
26101410
26101526
26101610
26101725
26101823
26101925
26102021
26102119
26102221
26102328
26102415
26102521
26102613
26102728
26102822
26102926
26103014
26103111
26110117
26110222
26110322
26110419
26110525
26110620
26110711
26110825
26110929
26111017
26111113
26111216
26111322
26111418
26111511
26111620
26111723
26111826
26111927
26112011
26112118
26112217
26112318
26112422
26112517
26112613
26112726
26112812
26112930
26113028
26120114
26120218
26120321
26120420
26120514
26120624
26120721
26120817
26120922
26121024
26121114
26121210
26121327
26121425
26121521
26121615
26121725
26121819
26121924
26122024
26122119
26122219
26122314
26122430
26122524
26122628
26122724
26122829
26122924
26123018
26123127
27010116
27010223
27010322
27010424
27010525
27010619
27010715
27010823
27010918
27011028
27011116
27011214
27011323
27011430
27011522
27011623
27011717
27011814
27011926
27012010
27012118
27012222
27012325
27012412
27012516
27012619
27012724
27012820
27012921
27013025
27013115
27020110
27020210
27020328
27020417
27020510
27020628
27020728
27020826
27020910
27021027
27021119
27021228
27021320
27021430
27021514
27021624
27021724
27021811
27021920
27022017
27022124
27022213
27022322
27022419
27022521
27022618
27022714
27022826
27030118
27030228
27030314
27030410
27030520
27030616
27030729
27030819
27030913
27031030
27031117
27031214
27031330
27031417
27031523
27031610
27031715
27031821
27031918
27032030
27032113
27032226
27032327
27032410
27032529
27032619
27032712
27032818
27032928
27033021
27033124
27040122
27040230
27040316
27040427
27040518
27040614
27040721
27040819
27040926
27041016
27041126
27041228
27041325
27041426
27041529
27041623
27041727
27041821
27041925
27042025
27042114
27042215
27042328
27042423
27042526
27042611
27042723
27042822
27042920
27043028
27050120
27050224
27050326
27050410
27050518
27050617
27050724
27050824
27050925
27051029
27051122
27051218
27051316
27051416
27051530
27051624
27051720
27051822
27051927
27052020
27052113
27052230
27052310
27052423
27052527
27052611
27052712
27052826
27052929
27053027
27053120
27060115
27060215
27060328
27060413
27060512
27060615
27060720
27060818
27060910
27061024
27061124
27061222
27061321
27061425
27061518
27061616
27061717
27061821
27061921
27062028
27062124
27062226
27062314
27062426
27062512
27062628
27062713
27062828
27062924
27063015
27070128
27070211
27070315
27070425
27070516
27070623
27070723
27070818
27070924
27071011
27071111
27071221
27071316
27071429
27071521
27071618
27071730
27071822
27071929
27072012
27072116
27072220
27072328
27072427
27072528
27072616
27072723
27072829
27072910
27073021
27073116
27080120
27080210
27080324
27080420
27080510
27080622
27080726
27080812
27080918
27081029
27081110
27081210
27081316
27081428
27081525
27081622
27081728
27081811
27081930
27082017
27082120
27082213
27082330
27082428
27082527
27082620
27082720
27082828
27082923
27083010
27083115
27090127
27090229
27090310
27090424
27090528
27090611
27090729
27090812
27090923
27091022
27091120
27091223
27091319
27091420
27091516
27091625
27091722
27091829
27091910
27092012
27092127
27092219
27092319
27092424
27092517
27092614
27092720
27092821
27092914
27093013
27100127
27100217
27100318
27100430
27100530
27100614
27100722
27100819
27100927
27101020
27101125
27101215
27101316
27101410
27101518
27101619
27101710
27101829
27101915
27102027
27102117
27102230
27102323
27102427
27102517
27102628
27102724
27102821
27102922
27103014
27103125
27110110
27110214
27110324
27110414
27110512
27110629
27110722
27110810
27110910
27111025
27111115
27111218
27111330
27111424
27111516
27111613
27111716
27111828
27111914
27112026
27112114
27112223
27112318
27112429
27112527
27112622
27112713
27112823
27112920
27113030
27120115
27120218
27120316
27120412
27120517
27120628
27120712
27120810
27120918
27121015
27121124
27121211
27121321
27121428
27121527
27121625
27121722
27121820
27121914
27122029
27122126
27122213
27122328
27122427
27122521
27122615
27122726
27122823
27122930
27123023
27123116
28010122
28010219
28010312
28010419
28010514
28010627
28010717
28010829
28010912
28011010
28011119
28011220
28011322
28011412
28011522
28011610
28011712
28011827
28011911
28012028
28012126
28012228
28012322
28012411
28012527
28012614
28012713
28012826
28012923
28013023
28013116
28020127
28020217
28020322
28020416
28020524
28020619
28020729
28020830
28020914
28021012
28021126
28021217
28021329
28021422
28021528
28021613
28021712
28021813
28021928
28022020
28022123
28022215
28022322
28022424
28022527
28022612
28022715
28022813
28022930
28030128
28030219
28030325
28030419
28030522
28030615
28030710
28030817
28030924
28031015
28031126
28031216
28031316
28031419
28031515
28031628
28031713
28031817
28031911
28032023
28032118
28032226
28032322
28032419
28032522
28032611
28032726
28032817
28032911
28033022
28033126
28040110
28040220
28040321
28040417
28040514
28040613
28040710
28040818
28040929
28041022
28041121
28041216
28041326
28041415
28041516
28041615
28041727
28041815
28041925
28042020
28042115
28042226
28042320
28042411
28042530
28042617
28042719
28042829
28042910
28043029
28050110
28050224
28050316
28050424
28050519
28050617
28050711
28050821
28050914
28051022
28051119
28051223
28051313
28051424
28051529
28051617
28051726
28051815
28051922
28052028
28052117
28052225
28052329
28052424
28052515
28052628
28052719
28052812
28052916
28053012
28053110
28060127
28060228
28060311
28060414
28060530
28060616
28060719
28060819
28060923
28061012
28061114
28061228
28061324
28061418
28061521
28061623
28061726
28061825
28061924
28062021
28062129
28062224
28062323
28062411
28062521
28062617
28062718
28062829
28062923
28063030
28070122
28070221
28070329
28070422
28070528
28070619
28070723
28070818
28070920
28071011
28071117
28071211
28071320
28071427
28071529
28071619
28071720
28071826
28071915
28072026
28072111
28072225
28072317
28072424
28072516
28072628
28072714
28072813
28072923
28073019
28073121
28080119
28080211
28080328
28080420
28080530
28080625
28080712
28080821
28080924
28081029
28081118
28081227
28081329
28081411
28081511
28081622
28081726
28081822
28081920
28082010
28082114
28082227
28082315
28082426
28082524
28082626
28082718
28082817
28082921
28083016
28083112
28090120
28090226
28090314
28090425
28090518
28090626
28090718
28090815
28090912
28091023
28091122
28091211
28091312
28091424
28091525
28091629
28091725
28091823
28091919
28092021
28092112
28092211
28092328
28092410
28092516
28092620
28092722
28092829
28092915
28093013
28100120
28100221
28100317
28100421
28100527
28100622
28100726
28100814
28100915
28101020
28101119
28101219
28101329
28101427
28101513
28101615
28101723
28101828
28101930
28102021
28102128
28102230
28102311
28102417
28102514
28102614
28102717
28102818
28102930
28103026
28103128
28110115
28110215
28110328
28110426
28110517
28110610
28110722
28110812
28110921
28111018
28111122
28111222
28111312
28111425
28111511
28111620
28111719
28111819
28111917
28112020
28112121
28112213
28112314
28112410
28112514
28112627
28112726
28112813
28112926
28113028
28120127
28120214
28120312
28120428
28120511
28120615
28120724
28120820
28120911
28121025
28121129
28121218
28121311
28121417
28121523
28121622
28121719
28121820
28121912
28122022
28122114
28122227
28122312
28122425
28122530
28122614
28122724
28122821
28122930
28123027
28123117
29010122
29010230
29010310
29010422
29010510
29010615
29010725
29010815
29010914
29011013
29011115
29011222
29011330
29011419
29011518
29011623
29011727
29011817
29011926
29012019
29012130
29012226
29012310
29012417
29012523
29012617
29012720
29012830
29012928
29013029
29013130
29020125
29020216
29020316
29020427
29020522
29020615
29020710
29020820
29020910
29021017
29021121
29021225
29021326
29021415
29021517
29021614
29021714
29021819
29021923
29022022
29022116
29022220
29022330
29022425
29022523
29022625
29022711
29022821
29030122
29030223
29030326
29030421
29030513
29030612
29030724
29030814
29030921
29031017
29031130
29031223
29031326
29031410
29031523
29031614
29031729
29031823
29031919
29032019
29032130
29032222
29032314
29032419
29032520
29032630
29032727
29032822
29032913
29033014
29033121
29040127
29040210
29040317
29040411
29040515
29040622
29040710
29040818
29040928
29041028
29041129
29041230
29041311
29041420
29041510
29041615
29041712
29041813
29041928
29042026
29042127
29042212
29042325
29042412
29042518
29042626
29042729
29042815
29042923
29043012
29050112
29050210
29050315
29050426
29050518
29050615
29050718
29050817
29050918
29051029
29051116
29051212
29051319
29051427
29051511
29051629
29051728
29051812
29051924
29052027
29052128
29052222
29052321
29052425
29052510
29052614
29052730
29052817
29052924
29053021
29053130
29060123
29060224
29060321
29060420
29060522
29060629
29060724
29060821
29060924
29061012
29061120
29061212
29061320
29061414
29061520
29061617
29061723
29061829
29061924
29062024
29062127
29062214
29062318
29062416
29062519
29062616
29062716
29062810
29062914
29063022
29070118
29070226
29070312
29070416
29070516
29070630
29070710
29070810
29070920
29071024
29071128
29071219
29071318
29071425
29071529
29071620
29071710
29071814
29071916
29072012
29072118
29072215
29072324
29072412
29072528
29072626
29072726
29072828
29072926
29073016
29073122
29080128
29080215
29080326
29080425
29080516
29080610
29080711
29080817
29080911
29081016
29081122
29081225
29081318
29081430
29081524
29081615
29081712
29081823
29081925
29082022
29082129
29082223
29082327
29082424
29082513
29082619
29082729
29082819
29082927
29083014
29083130
29090115
29090216
29090325
29090417
29090513
29090630
29090728
29090819
29090927
29091030
29091129
29091228
29091329
29091425
29091527
29091621
29091718
29091821
29091912
29092030
29092129
29092212
29092312
29092426
29092526
29092621
29092719
29092813
29092917
29093028
29100127
29100223
29100329
29100416
29100517
29100621
29100729
29100812
29100927
29101022
29101125
29101218
29101311
29101421
29101522
29101611
29101724
29101814
29101914
29102016
29102127
29102222
29102321
29102425
29102521
29102626
29102729
29102810
29102912
29103010
29103116
29110117
29110219
29110324
29110427
29110515
29110620
29110728
29110826
29110911
29111024
29111122
29111229
29111330
29111411
29111521
29111612
29111729
29111828
29111911
29112022
29112130
29112210
29112327
29112418
29112516
29112618
29112719
29112826
29112919
29113023
29120126
29120227
29120320
29120414
29120530
29120617
29120728
29120816
29120917
29121012
29121124
29121211
29121317
29121426
29121518
29121614
29121716
29121821
29121917
29122011
29122112
29122226
29122325
29122430
29122530
29122620
29122727
29122815
29122927
29123011
29123112
30010122
30010219
30010328
30010413
30010528
30010626
30010726
30010820
30010922
30011020
30011124
30011225
30011314
30011415
30011523
30011621
30011724
30011828
30011927
30012010
30012119
30012226
30012326
30012412
30012518
30012611
30012716
30012818
30012915
30013022
30013115
30020126
30020219
30020329
30020426
30020511
30020620
30020723
30020820
30020919
30021024
30021115
30021215
30021326
30021421
30021523
30021630
30021717
30021821
30021912
30022017
30022118
30022214
30022322
30022412
30022521
30022628
30022724
30022822
30030126
30030221
30030324
30030420
30030521
30030617
30030715
30030829
30030924
30031014
30031124
30031227
30031327
30031422
30031513
30031610
30031710
30031830
30031927
30032027
30032119
30032218
30032329
30032411
30032523
30032625
30032710
30032813
30032923
30033015
30033116
